32671
23119
6519
60949
38535
45414
34108
33110
36427
47357
47456
5479
53314
56069
52705
6238
59732
46041
56087
48093
35142
19694
39228
17936
40625
63757
976
4264
583
48160
28921
17914
17932
62916
3905
46029
33087
19723
62
47865
58602
16949
48247
22748
43312
63563
14172
1591
27907
43267
28791
5257
31474
14693
3235
55708
60105
49493
63023
18126
15004
50185
20602
4493
32594
53089
43637
51624
36470
15553
58927
48151
44585
41816
53804
19114
11631
64010
46624
5611
23729
31464
53206
31731
23695
41779
55605
12245
7712
32191
36114
5940
19437
6809
53441
57727
3150
18893
46052
33757
7435
33032
6469
43183
31421
10281
17086
20392
64937
18516
2490
5731
18104
61401
40351
36616
19322
15237
48195
30053
25689
20451
32204
43322
9794
6943
45188
26678
36314
13920
2293
2560
12094
60509
62197
22153
42882
20095
59334
45376
30203
25193
55266
42126
32782
7089
27444
40721
48098
55537
50188
55497
4724
3175
44816
43255
18723
12194
4093
1875
21316
64277
12201
23363
34514
30291
52887
5015
57643
63610
30595
10228
29520
49673
8816
39939
42299
58952
24952
19066
53088
45835
55535
44350
36105
23984
60093
30264
37748
11439
13652
44239
3533
39293
47014
39866
54816
32674
12567
17748
3334
40884
15654
52962
52668
53190
64057
32934
8276
45795
63577
40592
150
52979
9103
42648
54149
10135
15527
64649
2126
65072
52749
59680
51484
5807
59461
10907
34359
34617
3483
24873
5807
2419
48665
63
2002
26710
61189
24906
13299
43177
15193
16962
41923
7403
53248
44588
12388
44060
32354
46127
2262
9534
11628
48732
43199
50237
15254
385
37360
53330
42800
48590
8907
64473
52300
39650
45826
29415
48241
45903
2870
7186
6940
10728
48227
50921
44529
53422
36455
61715
36875
19501
33565
34540
2017
43097
60063
59939
9838
56495
62988
31104
36721
48556
42695
29721
34172
12477
2289
2154
46044
42825
20146
39259
19434
21502
42949
12324
11732
50454
62160
59097
48658
32073
38389
3107
11125
24014
44672
20922
44400
44110
13904
33990
16945
53824
58764
56744
49023
40551
14805
44016
25426
30365
48758
4087
12610
3823
7333
9645
15113
35966
40093
53255
54278
34312
10699
37484
46385
51834
629
12715
18199
52918
30616
20645
56873
55420
20795
51823
24973
35735
61387
5105
63858
10793
20730
40704
22112
18381
65481
49147
29449
43782
18627
27169
23643
53176
65156
44487
17288
49728
46174
64224
35521
37800
44790
560
31387
20008
20968
44027
10892
21678
34614
1191
58975
23007
22307
33452
62403
25114
36247
30081
14735
31161
7013
22348
36154
15464
44632
47992
42433
60748
26721
34423
11445
34966
26062
24606
39430
57414
61779
3507
25688
56623
31766
47960
14753
25966
9527
41662
447
6281
22706
56893
10690
4456
44557
18684
25156
40436
9637
50656
34916
27957
29795
9394
50994
3555
37609
40667
14788
53876
60324
53254
1034
52042
35938
27313
15639
42462
49370
16885
22530
59069
40340
43087
25695
20116
49900
27560
25440
54784
4048
47431
40608
47903
132
3306
61560
46372
2198
40346
65216
48970
42272
58528
46924
44122
3938
18446
52444
6198
5125
20097
23069
31757
27431
15746
15077
28234
7440
37757
39047
7932
47389
27062
51383
16093
60568
44676
7632
59492
63424
5224
65301
12739
34026
2970
24214
33383
523
43476
60467
285
9476
54133
45331
46919
8284
39401
47035
50183
64923
43534
10889
65064
58760
59842
46952
7952
64159
25310
54165
23139
2057
13118
43201
38809
13495
4525
29826
15015
18520
46784
6002
2426
54124
2871
37342
43889
48845
54120
33628
2204
50692
56582
12507
24212
7327
45666
35929
51792
48707
67
41538
49116
34020
12819
17737
3241
17803
3940
57873
36099
41889
9783
53994
21530
39447
37621
4347
11657
37453
53834
42627
49675
16203
3547
11357
21794
59997
7104
63361
47429
53581
52702
28795
20932
8111
20970
39527
32599
47474
10574
49145
50328
56825
37276
63183
3149
54816
16148
756
27468
44428
47829
43346
17520
1590
642
44841
3464
38148
42763
20879
59858
52517
22699
37394
39052
50894
52973
10160
44523
62011
20783
34025
61750
43657
54944
14377
60813
4824
4260
59882
2801
48040
34774
36735
52188
40076
55067
45402
24658
51191
39241
13145
37679
35143
43370
11290
101
4548
17269
33091
31994
34096
34866
8409
486
47843
2706
28344
17436
56005
52176
28705
21490
42702
22072
12665
12091
40778
12457
4821
37351
45970
26410
2629
37649
7871
23439
26088
46721
49740
64546
18285
9921
29651
8734
34128
18539
35171
32437
6110
59048
36248
44882
61316
57545
37839
57750
29335
44087
41444
45251
51735
47749
8710
29143
10671
5064
12452
5431
59171
20309
55924
48365
15193
50059
18838
35205
6831
58818
22664
21903
38542
43245
47915
52453
34359
22966
45756
45513
54337
19477
11896
10817
16377
22345
308
38088
55639
60259
63886
57367
8908
46553
51128
30517
61622
43796
40596
1269
41598
40870
59209
10556
45103
51031
33654
33462
14361
47229
25731
31103
58905
24988
27406
5878
22656
33838
57731
1171
57545
13268
40471
58224
61253
58319
8987
28889
40033
12005
32590
64815
1713
40721
23158
17090
50830
52131
31630
38357
40278
38186
13699
9672
4899
40950
58317
52828
43173
24333
59840
65214
4041
39949
17485
65278
60258
58110
34369
23619
32787
11711
14691
17490
38390
38847
56078
57950
20158
27266
38812
28074
40426
64468
11563
7851
19444
19087
64057
64837
22812
5028
49138
51860
17338
61988
28721
50928
12397
38780
62857
57723
29445
65524
3400
56852
11515
55472
27030
6364
1294
55865
39385
61540
47663
19293
62096
14523
3543
65019
31083
56981
13858
4245
59191
35573
27147
26233
9522
24787
53554
53994
24359
6206
1952
15569
17671
51439
52414
50599
26236
45538
24040
8776
34437
32877
24678
40246
17930
55200
18172
37332
53066
46315
27718
58727
4767
24870
65440
2001
19618
49545
42505
12470
44861
29449
52771
55545
12279
18517
7633
14769
20328
44874
46019
58373
40163
39643
53056
13854
20431
49587
38811
37792
27338
1367
29232
18828
60673
24743
36155
63614
57652
52281
58848
15202
63736
39730
13390
7626
33650
12258
24743
21155
12698
54639
45574
7237
21813
38625
1387
32743
17288
9353
28710
55985
48925
4879
40816
52317
54750
54273
41189
56446
24436
53825
3141
23235
13480
48628
33293
63939
